dataM
   0.158831   0.0700746   0.0146338   0.0248341   0.0157675  -0.0415867 -0.00261504
  0.0700746     4.12179    0.079936      1.6439   0.0981322  -0.0981565  0.00067178
  0.0146338    0.079936   0.0482624   0.0530907   0.0185225   0.0199974  -0.0025709
  0.0248341      1.6439   0.0530907    0.857131   0.0573444  -0.0402352 0.000714981
  0.0157675   0.0981322   0.0185225   0.0573444   0.0182883 -0.00193037 -0.00259986
 -0.0415867  -0.0981565   0.0199974  -0.0402352 -0.00193037   0.0877948           0
-0.00261504  0.00067178  -0.0025709 0.000714981 -0.00259986           0      0.0027
   0.160338   0.0704738   0.0145616   0.0249366   0.0157761  -0.0421454 -0.00261463
  0.0704738     4.12185   0.0803528     1.64401   0.0982954  -0.0977714 0.000673512
  0.0145616   0.0803528   0.0481149   0.0531801   0.0185387   0.0198098 -0.00257097
  0.0249366     1.64401   0.0531801    0.857082   0.0574299  -0.0401184 0.000716166
  0.0157761   0.0982954   0.0185387   0.0574299   0.0183072 -0.00193004 -0.00259954
 -0.0421454  -0.0977714   0.0198098  -0.0401184 -0.00193004   0.0877949           0
-0.00261463 0.000673512 -0.00257097 0.000716166 -0.00259954           0      0.0027
   0.163013   0.0711856   0.0144496   0.0251258   0.0157938  -0.0431211 -0.00261382
  0.0711856     4.12194   0.0810963     1.64418   0.0986053  -0.0970962 0.000676709
  0.0144496   0.0810963   0.0478634   0.0533504   0.0185704    0.019481 -0.00257104
  0.0251258     1.64418   0.0533504    0.856988   0.0575937  -0.0399073 0.000718431
  0.0157938   0.0986053   0.0185704   0.0575937   0.0183436  -0.0019294 -0.00259893
 -0.0431211  -0.0970962    0.019481  -0.0399073  -0.0019294   0.0877951           0
-0.00261382 0.000676709 -0.00257104 0.000718431 -0.00259893           0      0.0027
   0.166615    0.072117   0.0143245   0.0253845    0.015818  -0.0444076  -0.0026127
   0.072117     4.12205   0.0820709     1.64439   0.0990175  -0.0962128 0.000680935
  0.0143245   0.0820709   0.0475387   0.0535773    0.018613   0.0190467 -0.00257111
  0.0253845     1.64439   0.0535773    0.856862   0.0578119  -0.0396318 0.000721449
   0.015818   0.0990175    0.018613   0.0578119   0.0183922 -0.00192854 -0.00259811
 -0.0444076  -0.0962128   0.0190467  -0.0396318 -0.00192854   0.0877953           0
 -0.0026127 0.000680935 -0.00257111 0.000721449 -0.00259811           0      0.0027
   0.170975   0.0731985   0.0142089   0.0257011   0.0158474  -0.0459249 -0.00261129
  0.0731985     4.12218   0.0832058     1.64463   0.0995012  -0.0951789 0.000685881
  0.0142089   0.0832058   0.0471653   0.0538436   0.0186634   0.0185338 -0.00257117
  0.0257011     1.64463   0.0538436    0.856714   0.0580682  -0.0393113 0.000724992
  0.0158474   0.0995012   0.0186634   0.0580682   0.0184497 -0.00192753 -0.00259715
 -0.0459249  -0.0951789   0.0185338  -0.0393113 -0.00192753   0.0877956           0
-0.00261129 0.000685881 -0.00257117 0.000724992 -0.00259715           0      0.0027
   0.175965   0.0743787    0.014121   0.0260676   0.0158812  -0.0476128 -0.00260964
  0.0743787      4.1223   0.0844485      1.6449    0.100035  -0.0940365 0.000691325
   0.014121   0.0844485   0.0467616   0.0541374   0.0187193   0.0179624 -0.00257122
  0.0260676      1.6449   0.0541374     0.85655    0.058351  -0.0389594 0.000728902
  0.0158812    0.100035   0.0187193    0.058351   0.0185133 -0.00192642 -0.00259608
 -0.0476128  -0.0940365   0.0179624  -0.0389594 -0.00192642   0.0877959           0
-0.00260964 0.000691325 -0.00257122 0.000728902 -0.00259608           0      0.0027
   0.181491   0.0756198   0.0140741   0.0264782   0.0159188   -0.049426 -0.00260774
  0.0756198     4.12242   0.0857602     1.64516    0.100603  -0.0928162 0.000697106
  0.0140741   0.0857602    0.046342   0.0544502   0.0187794   0.0173479 -0.00257125
  0.0264782     1.64516   0.0544502    0.856373   0.0586522  -0.0385855 0.000733069
  0.0159188    0.100603   0.0187794   0.0586522   0.0185815 -0.00192522 -0.00259493
  -0.049426  -0.0928162   0.0173479  -0.0385855 -0.00192522   0.0877963           0
-0.00260774 0.000697106 -0.00257125 0.000733069 -0.00259493           0      0.0027
   0.187478   0.0768939   0.0140783   0.0269285   0.0159599  -0.0513304 -0.00260562
  0.0768939     4.12253   0.0871127     1.64543    0.101196  -0.0915402 0.000703109
  0.0140783   0.0871127   0.0459169   0.0547758   0.0188423   0.0167017 -0.00257126
  0.0269285     1.64543   0.0547758    0.856188   0.0589659  -0.0381961 0.000737411
  0.0159599    0.101196   0.0188423   0.0589659    0.018653 -0.00192398 -0.00259373
 -0.0513304  -0.0915402   0.0167017  -0.0381961 -0.00192398   0.0877966           0
-0.00260562 0.000703109 -0.00257126 0.000737411 -0.00259373           0      0.0027
   0.193869   0.0781808   0.0141402    0.027415   0.0160043  -0.0533002 -0.00260329
  0.0781808     4.12264    0.088485     1.64569    0.101803  -0.0902251  0.00070925
  0.0141402    0.088485   0.0454942     0.05511   0.0189075   0.0160325 -0.00257124
   0.027415     1.64569     0.05511    0.855997   0.0592881  -0.0377961 0.000741873
  0.0160043    0.101803   0.0189075   0.0592881   0.0187269 -0.00192269 -0.00259249
 -0.0533002  -0.0902251   0.0160325  -0.0377961 -0.00192269    0.087797           0
-0.00260329  0.00070925 -0.00257124 0.000741873 -0.00259249           0      0.0027
   0.200619   0.0794655   0.0142646    0.027935   0.0160519   -0.055316 -0.00260075
  0.0794655     4.12272   0.0898619     1.64595    0.102421   -0.088883 0.000715467
  0.0142646   0.0898619   0.0450795   0.0554497   0.0189742   0.0153466 -0.00257119
   0.027935     1.64595   0.0554497    0.855801   0.0596157  -0.0373887 0.000746414
  0.0160519    0.102421   0.0189742   0.0596157   0.0188024 -0.00192138 -0.00259122
  -0.055316   -0.088883   0.0153466  -0.0373887 -0.00192138   0.0877974           0
-0.00260075 0.000715467 -0.00257119 0.000746414 -0.00259122           0      0.0027
   0.207691   0.0807373   0.0144541   0.0284861   0.0161025  -0.0573633 -0.00259802
  0.0807373     4.12279   0.0912323     1.64618    0.103045  -0.0875231 0.000721715
  0.0144541   0.0912323    0.044677   0.0557924    0.019042   0.0146492 -0.00257111
  0.0284861     1.64618   0.0557924    0.855602   0.0599466  -0.0369765 0.000751002
  0.0161025    0.103045    0.019042   0.0599466   0.0188792 -0.00192004 -0.00258993
 -0.0573633  -0.0875231   0.0146492  -0.0369765 -0.00192004   0.0877977           0
-0.00259802 0.000721715 -0.00257111 0.000751002 -0.00258993           0      0.0027
   0.215054   0.0819886   0.0147106   0.0290663   0.0161561  -0.0594308  -0.0025951
  0.0819886     4.12284   0.0925882     1.64641    0.103672  -0.0861518 0.000727964
  0.0147106   0.0925882   0.0442896   0.0561366   0.0191108   0.0139437 -0.00257099
  0.0290663     1.64641   0.0561366      0.8554   0.0602792  -0.0365612 0.000755618
  0.0161561    0.103672   0.0191108   0.0602792   0.0189569 -0.00191869 -0.00258862
 -0.0594308  -0.0861518   0.0139437  -0.0365612 -0.00191869   0.0877981           0
 -0.0025951 0.000727964 -0.00257099 0.000755618 -0.00258862           0      0.0027
   0.222686   0.0832136   0.0150347    0.029674   0.0162126  -0.0615103 -0.00259199
  0.0832136     4.12288   0.0939238     1.64661    0.104299  -0.0847742 0.000734189
  0.0150347   0.0939238   0.0439196    0.056481   0.0191802   0.0132331 -0.00257084
   0.029674     1.64661    0.056481    0.855197   0.0606124   -0.036144 0.000760246
  0.0162126    0.104299   0.0191802   0.0606124   0.0190352 -0.00191733  -0.0025873
 -0.0615103  -0.0847742   0.0132331   -0.036144 -0.00191733   0.0877985           0
-0.00259199 0.000734189 -0.00257084 0.000760246  -0.0025873           0      0.0027
   0.230565   0.0844087   0.0154266   0.0303077   0.0162721  -0.0635956 -0.00258871
  0.0844087     4.12289   0.0952349      1.6468    0.104926   -0.083394 0.000740373
  0.0154266   0.0952349   0.0435684   0.0568249   0.0192502   0.0125195 -0.00257064
  0.0303077      1.6468   0.0568249    0.854992   0.0609454  -0.0357259 0.000764874
  0.0162721    0.104926   0.0192502   0.0609454    0.019114 -0.00191596 -0.00258597
 -0.0635956   -0.083394   0.0125195  -0.0357259 -0.00191596   0.0877989           0
-0.00258871 0.000740373 -0.00257064 0.000764874 -0.00258597           0      0.0027
   0.238675   0.0855711    0.015886   0.0309661   0.0163344  -0.0656817 -0.00258525
  0.0855711     4.12289   0.0965189     1.64697    0.105551  -0.0820138 0.000746506
   0.015886   0.0965189   0.0432369   0.0571676   0.0193205   0.0118043 -0.00257041
  0.0309661     1.64697   0.0571676    0.854787   0.0612776  -0.0353075 0.000769494
  0.0163344    0.105551   0.0193205   0.0612776   0.0191931 -0.00191459 -0.00258463
 -0.0656817  -0.0820138   0.0118043  -0.0353075 -0.00191459   0.0877993           0
-0.00258525 0.000746506 -0.00257041 0.000769494 -0.00258463           0      0.0027
   0.247003   0.0866989   0.0164123   0.0316481   0.0163996  -0.0677651 -0.00258162
  0.0866989     4.12286   0.0977735     1.64712    0.106172  -0.0806357 0.000752577
  0.0164123   0.0977735   0.0429259   0.0575085   0.0193912   0.0110888 -0.00257014
  0.0316481     1.64712   0.0575085    0.854581   0.0616086  -0.0348894 0.000774101
  0.0163996    0.106172   0.0193912   0.0616086   0.0192723 -0.00191321  -0.0025833
 -0.0677651  -0.0806357   0.0110888  -0.0348894 -0.00191321   0.0877996           0
-0.00258162 0.000752577 -0.00257014 0.000774101  -0.0025833           0      0.0027
   0.255537   0.0877909   0.0170046   0.0323526   0.0164677  -0.0698431 -0.00257784
  0.0877909     4.12282   0.0989975     1.64725     0.10679  -0.0792612 0.000758581
  0.0170046   0.0989975   0.0426357   0.0578474   0.0194622   0.0103739 -0.00256983
  0.0323526     1.64725   0.0578474    0.854374    0.061938  -0.0344718  0.00077869
  0.0164677     0.10679   0.0194622    0.061938   0.0193517 -0.00191183 -0.00258196
 -0.0698431  -0.0792612   0.0103739  -0.0344718 -0.00191183      0.0878           0
-0.00257784 0.000758581 -0.00256983  0.00077869 -0.00258196           0      0.0027
   0.264265   0.0888465   0.0176622   0.0330789   0.0165387  -0.0719136 -0.00257389
  0.0888465     4.12275     0.10019     1.64736    0.107405  -0.0778914 0.000764514
  0.0176622     0.10019   0.0423666   0.0581841   0.0195334  0.00966028 -0.00256949
  0.0330789     1.64736   0.0581841    0.854167   0.0622656  -0.0340551 0.000783258
  0.0165387    0.107405   0.0195334   0.0622656   0.0194312 -0.00191045 -0.00258061
 -0.0719136  -0.0778914  0.00966028  -0.0340551 -0.00191045   0.0878004           0
-0.00257389 0.000764514 -0.00256949 0.000783258 -0.00258061           0      0.0027
    0.27318   0.0898652   0.0183839   0.0338259   0.0166124  -0.0739749 -0.00256978
  0.0898652     4.12267     0.10135     1.64745    0.108014  -0.0765273 0.000770372
  0.0183839     0.10135   0.0421186   0.0585183   0.0196048  0.00894846  -0.0025691
  0.0338259     1.64745   0.0585183     0.85396   0.0625914  -0.0336394 0.000787803
  0.0166124    0.108014   0.0196048   0.0625914   0.0195107 -0.00190907 -0.00257927
 -0.0739749  -0.0765273  0.00894846  -0.0336394 -0.00190907   0.0878008           0
-0.00256978 0.000770372  -0.0025691 0.000787803 -0.00257927           0      0.0027
   0.282273   0.0908469   0.0191687    0.034593    0.016689  -0.0760258 -0.00256553
  0.0908469     4.12257    0.102479     1.64752     0.10862  -0.0751694 0.000776154
  0.0191687    0.102479   0.0418917   0.0588499   0.0196764  0.00823884 -0.00256868
   0.034593     1.64752   0.0588499    0.853753   0.0629151  -0.0332249 0.000792322
   0.016689     0.10862   0.0196764   0.0629151   0.0195901 -0.00190768 -0.00257793
 -0.0760258  -0.0751694  0.00823884  -0.0332249 -0.00190768   0.0878012           0
-0.00256553 0.000776154 -0.00256868 0.000792322 -0.00257793           0      0.0027
   0.291537   0.0917916   0.0200156   0.0353794   0.0167685  -0.0780655 -0.00256112
  0.0917916     4.12245    0.103574     1.64757     0.10922  -0.0738182 0.000781858
  0.0200156    0.103574   0.0416859   0.0591789   0.0197481  0.00753171 -0.00256821
  0.0353794     1.64757   0.0591789    0.853546   0.0632366  -0.0328117 0.000796816
  0.0167685     0.10922   0.0197481   0.0632366   0.0196695  -0.0019063 -0.00257658
 -0.0780655  -0.0738182  0.00753171  -0.0328117  -0.0019063   0.0878016           0
-0.00256112 0.000781858 -0.00256821 0.000796816 -0.00257658           0      0.0027
   0.300965   0.0926995   0.0209235   0.0361844   0.0168508  -0.0800931 -0.00255657
  0.0926995     4.12231    0.104638      1.6476    0.109816  -0.0724742 0.000787483
  0.0209235    0.104638   0.0415009   0.0595051     0.01982  0.00682729 -0.00256771
  0.0361844      1.6476   0.0595051    0.853339    0.063556  -0.0323998 0.000801283
  0.0168508    0.109816     0.01982    0.063556   0.0197489 -0.00190492 -0.00257524
 -0.0800931  -0.0724742  0.00682729  -0.0323998 -0.00190492    0.087802           0
-0.00255657 0.000787483 -0.00256771 0.000801283 -0.00257524           0      0.0027
   0.310552   0.0935709   0.0218912   0.0370074   0.0169358  -0.0821082 -0.00255187
  0.0935709     4.12215    0.105669     1.64762    0.110407  -0.0711376  0.00079303
  0.0218912    0.105669   0.0413366   0.0598284    0.019892  0.00612576 -0.00256718
  0.0370074     1.64762   0.0598284    0.853132   0.0638731  -0.0319893 0.000805721
  0.0169358    0.110407    0.019892   0.0638731   0.0198282 -0.00190354 -0.00257389
 -0.0821082  -0.0711376  0.00612576  -0.0319893 -0.00190354   0.0878024           0
-0.00255187  0.00079303 -0.00256718 0.000805721 -0.00257389           0      0.0027
   0.320292   0.0944061   0.0229176   0.0378477   0.0170237  -0.0841103 -0.00254704
  0.0944061     4.12198    0.106668     1.64762    0.110992  -0.0698086 0.000798498
  0.0229176    0.106668   0.0411929    0.060149   0.0199642  0.00542726  -0.0025666
  0.0378477     1.64762    0.060149    0.852925    0.064188  -0.0315803 0.000810132
  0.0170237    0.110992   0.0199642    0.064188   0.0199073 -0.00190216 -0.00257255
 -0.0841103  -0.0698086  0.00542726  -0.0315803 -0.00190216   0.0878028           0
-0.00254704 0.000798498  -0.0025666 0.000810132 -0.00257255           0      0.0027
    0.33018   0.0952054   0.0240017   0.0387048   0.0171144  -0.0860989 -0.00254207
  0.0952054     4.12179    0.107636     1.64759    0.111573  -0.0684873 0.000803886
  0.0240017    0.107636   0.0410694   0.0604666   0.0200366  0.00473188 -0.00256599
  0.0387048     1.64759   0.0604666    0.852718   0.0645005  -0.0311728 0.000814514
  0.0171144    0.111573   0.0200366   0.0645005   0.0199864 -0.00190078 -0.00257121
 -0.0860989  -0.0684873  0.00473188  -0.0311728 -0.00190078   0.0878032           0
-0.00254207 0.000803886 -0.00256599 0.000814514 -0.00257121           0      0.0027
   0.340211   0.0959694   0.0251423    0.039578   0.0172079   -0.088074 -0.00253696
  0.0959694     4.12158    0.108572     1.64756    0.112148  -0.0671741 0.000809196
  0.0251423    0.108572    0.040966   0.0607814   0.0201091  0.00403972 -0.00256535
   0.039578     1.64756   0.0607814    0.852512   0.0648108  -0.0307669 0.000818867
  0.0172079    0.112148   0.0201091   0.0648108   0.0200653  -0.0018994 -0.00256987
  -0.088074  -0.0671741  0.00403972  -0.0307669  -0.0018994   0.0878036           0
-0.00253696 0.000809196 -0.00256535 0.000818867 -0.00256987           0      0.0027
   0.350379   0.0966984   0.0263385   0.0404667   0.0173041  -0.0900351 -0.00253172
  0.0966984     4.12135    0.109477      1.6475    0.112719  -0.0658688 0.000814428
  0.0263385    0.109477   0.0408824   0.0610933   0.0201817  0.00335082 -0.00256467
  0.0404667      1.6475   0.0610933    0.852305   0.0651188  -0.0303624 0.000823192
  0.0173041    0.112719   0.0201817   0.0651188   0.0201441 -0.00189803 -0.00256853
 -0.0900351  -0.0658688  0.00335082  -0.0303624 -0.00189803    0.087804           0
-0.00253172 0.000814428 -0.00256467 0.000823192 -0.00256853           0      0.0027
    0.36068    0.097393    0.027589   0.0413704   0.0174031  -0.0919823 -0.00252635
   0.097393     4.12111    0.110352     1.64743    0.113284  -0.0645717 0.000819582
   0.027589    0.110352   0.0408183   0.0614022   0.0202544  0.00266524 -0.00256395
  0.0413704     1.64743   0.0614022    0.852099   0.0654244  -0.0299595 0.000827487
  0.0174031    0.113284   0.0202544   0.0654244   0.0202227 -0.00189666  -0.0025672
 -0.0919823  -0.0645717  0.00266524  -0.0299595 -0.00189666   0.0878044           0
-0.00252635 0.000819582 -0.00256395 0.000827487  -0.0025672           0      0.0027
    0.37111   0.0980536   0.0288928   0.0422886   0.0175048  -0.0939152 -0.00252085
  0.0980536     4.12085    0.111196     1.64734    0.113843  -0.0632829 0.000824658
  0.0288928    0.111196   0.0407735   0.0617082   0.0203273  0.00198302  -0.0025632
  0.0422886     1.64734   0.0617082    0.851894   0.0657277  -0.0295582 0.000831753
  0.0175048    0.113843   0.0203273   0.0657277   0.0203012 -0.00189528 -0.00256586
 -0.0939152  -0.0632829  0.00198302  -0.0295582 -0.00189528   0.0878048           0
-0.00252085 0.000824658  -0.0025632 0.000831753 -0.00256586           0      0.0027
   0.381664   0.0986808   0.0302489   0.0432206   0.0176093  -0.0958339 -0.00251523
  0.0986808     4.12057     0.11201     1.64723    0.114398  -0.0620023 0.000829658
  0.0302489     0.11201   0.0407477   0.0620113   0.0204003  0.00130419 -0.00256241
  0.0432206     1.64723   0.0620113    0.851688   0.0660287  -0.0291584  0.00083599
  0.0176093    0.114398   0.0204003   0.0660287   0.0203795 -0.00189391 -0.00256453
 -0.0958339  -0.0620023  0.00130419  -0.0291584 -0.00189391   0.0878052           0
-0.00251523 0.000829658 -0.00256241  0.00083599 -0.00256453           0      0.0027
   0.392339    0.099275   0.0316562   0.0441661   0.0177165  -0.0977381 -0.00250949
   0.099275     4.12028    0.112795     1.64711    0.114947    -0.06073 0.000834581
  0.0316562    0.112795   0.0407407   0.0623114   0.0204735 0.000628771 -0.00256159
  0.0441661     1.64711   0.0623114    0.851483   0.0663273  -0.0287603 0.000840197
  0.0177165    0.114947   0.0204735   0.0663273   0.0204577 -0.00189255  -0.0025632
 -0.0977381    -0.06073 0.000628771  -0.0287603 -0.00189255   0.0878056           0
-0.00250949 0.000834581 -0.00256159 0.000840197  -0.0025632           0      0.0027
    0.403129    0.0998368    0.0331137    0.0451245    0.0178263   -0.0996279  -0.00250362
   0.0998368      4.11998     0.113551      1.64697     0.115491   -0.0594661  0.000839429
   0.0331137     0.113551    0.0407521    0.0626086    0.0205468 -4.32079e-05  -0.00256074
   0.0451245      1.64697    0.0626086     0.851279    0.0666236   -0.0283637  0.000844375
   0.0178263     0.115491    0.0205468    0.0666236    0.0205356  -0.00189118  -0.00256187
  -0.0996279   -0.0594661 -4.32079e-05   -0.0283637  -0.00189118     0.087806            0
 -0.00250362  0.000839429  -0.00256074  0.000844375  -0.00256187            0       0.0027
     0.41403     0.100367    0.0346203    0.0460952    0.0179388    -0.101503  -0.00249764
    0.100367      4.11965     0.114278      1.64681      0.11603   -0.0582105  0.000844202
   0.0346203     0.114278    0.0407818    0.0629029    0.0206202 -0.000711733  -0.00255986
   0.0460952      1.64681    0.0629029     0.851075    0.0669176   -0.0279687  0.000848524
   0.0179388      0.11603    0.0206202    0.0669176    0.0206134  -0.00188982  -0.00256055
   -0.101503   -0.0582105 -0.000711733   -0.0279687  -0.00188982    0.0878064            0
 -0.00249764  0.000844202  -0.00255986  0.000848524  -0.00256055            0       0.0027
    0.42504    0.100865    0.036175   0.0470778   0.0180539   -0.103364 -0.00249155
   0.100865     4.11932    0.114976     1.64664    0.116563  -0.0569635   0.0008489
   0.036175    0.114976   0.0408295   0.0631942   0.0206937 -0.00137679 -0.00255894
  0.0470778     1.64664   0.0631942    0.850871   0.0672093  -0.0275754 0.000852643
  0.0180539    0.116563   0.0206937   0.0672093    0.020691 -0.00188846 -0.00255923
  -0.103364  -0.0569635 -0.00137679  -0.0275754 -0.00188846   0.0878068           0
-0.00249155   0.0008489 -0.00255894 0.000852643 -0.00255923           0      0.0027
   0.436152    0.101333   0.0377767   0.0480719   0.0181717    -0.10521 -0.00248534
   0.101333     4.11897    0.115647     1.64646    0.117091  -0.0557248 0.000853525
  0.0377767    0.115647   0.0408948   0.0634826   0.0207674 -0.00203836 -0.00255799
  0.0480719     1.64646   0.0634826    0.850667   0.0674986  -0.0271836 0.000856733
  0.0181717    0.117091   0.0207674   0.0674986   0.0207684  -0.0018871 -0.00255791
   -0.10521  -0.0557248 -0.00203836  -0.0271836  -0.0018871   0.0878072           0
-0.00248534 0.000853525 -0.00255799 0.000856733 -0.00255791           0      0.0027
   0.447365     0.10177   0.0394245   0.0490768   0.0182921   -0.107041 -0.00247903
    0.10177      4.1186     0.11629     1.64626    0.117614  -0.0544946 0.000858076
  0.0394245     0.11629   0.0409775    0.063768   0.0208412 -0.00269645 -0.00255702
  0.0490768     1.64626    0.063768    0.850464   0.0677857  -0.0267934 0.000860794
  0.0182921    0.117614   0.0208412   0.0677857   0.0208456 -0.00188575 -0.00255659
  -0.107041  -0.0544946 -0.00269645  -0.0267934 -0.00188575   0.0878076           0
-0.00247903 0.000858076 -0.00255702 0.000860794 -0.00255659           0      0.0027
   0.458673    0.102178   0.0411173   0.0500923    0.018415   -0.108858  -0.0024726
   0.102178     4.11822    0.116906     1.64605    0.118132   -0.053273 0.000862555
  0.0411173    0.116906   0.0410775   0.0640505   0.0209152 -0.00335103 -0.00255601
  0.0500923     1.64605   0.0640505    0.850262   0.0680704  -0.0264049 0.000864825
   0.018415    0.118132   0.0209152   0.0680704   0.0209226  -0.0018844 -0.00255527
  -0.108858   -0.053273 -0.00335103  -0.0264049  -0.0018844    0.087808           0
 -0.0024726 0.000862555 -0.00255601 0.000864825 -0.00255527           0      0.0027
   0.470073    0.102556   0.0428542   0.0511177   0.0185405   -0.110659 -0.00246607
   0.102556     4.11783    0.117495     1.64582    0.118644  -0.0520598 0.000866963
  0.0428542    0.117495   0.0411943   0.0643301   0.0209893 -0.00400211 -0.00255497
  0.0511177     1.64582   0.0643301     0.85006   0.0683528   -0.026018 0.000868827
  0.0185405    0.118644   0.0209893   0.0683528   0.0209994 -0.00188305 -0.00255396
  -0.110659  -0.0520598 -0.00400211   -0.026018 -0.00188305   0.0878084           0
-0.00246607 0.000866963 -0.00255497 0.000868827 -0.00255396           0      0.0027
   0.481562    0.102906    0.044634   0.0521527   0.0186685   -0.112446 -0.00245944
   0.102906     4.11742    0.118058     1.64558    0.119151  -0.0508551 0.000871299
   0.044634    0.118058   0.0413277   0.0646067   0.0210634 -0.00464967  -0.0025539
  0.0521527     1.64558   0.0646067    0.849858   0.0686329  -0.0256326   0.0008728
  0.0186685    0.119151   0.0210634   0.0686329   0.0210759 -0.00188171 -0.00255266
  -0.112446  -0.0508551 -0.00464967  -0.0256326 -0.00188171   0.0878088           0
-0.00245944 0.000871299  -0.0025539   0.0008728 -0.00255266           0      0.0027
   0.493134    0.103227   0.0464559   0.0531967   0.0187989   -0.114219 -0.00245271
   0.103227     4.11701    0.118595     1.64532    0.119653   -0.049659 0.000875565
  0.0464559    0.118595   0.0414775   0.0648805   0.0211378 -0.00529371  -0.0025528
  0.0531967     1.64532   0.0648805    0.849657   0.0689108   -0.025249 0.000876743
  0.0187989    0.119653   0.0211378   0.0689108   0.0211522 -0.00188037 -0.00255135
  -0.114219   -0.049659 -0.00529371   -0.025249 -0.00188037   0.0878092           0
-0.00245271 0.000875565  -0.0025528 0.000876743 -0.00255135           0      0.0027
   0.504788    0.103521   0.0483189   0.0542495   0.0189319   -0.115976 -0.00244588
   0.103521     4.11657    0.119107     1.64505     0.12015  -0.0484714 0.000879762
  0.0483189    0.119107   0.0416435   0.0651513   0.0212122 -0.00593422 -0.00255167
  0.0542495     1.64505   0.0651513    0.849457   0.0691863  -0.0248669 0.000880657
  0.0189319     0.12015   0.0212122   0.0691863   0.0212283 -0.00187903 -0.00255005
  -0.115976  -0.0484714 -0.00593422  -0.0248669 -0.00187903   0.0878096           0
-0.00244588 0.000879762 -0.00255167 0.000880657 -0.00255005           0      0.0027
   0.516519    0.103788   0.0502219   0.0553105   0.0190672   -0.117719 -0.00243895
   0.103788     4.11613    0.119594     1.64477    0.120641  -0.0472924 0.000883889
  0.0502219    0.119594   0.0418253   0.0654192   0.0212868  -0.0065712 -0.00255051
  0.0553105     1.64477   0.0654192    0.849257   0.0694595  -0.0244865 0.000884543
  0.0190672    0.120641   0.0212868   0.0694595   0.0213042  -0.0018777 -0.00254875
  -0.117719  -0.0472924  -0.0065712  -0.0244865  -0.0018777     0.08781           0
-0.00243895 0.000883889 -0.00255051 0.000884543 -0.00254875           0      0.0027
   0.528323    0.104028    0.052164   0.0563793    0.019205   -0.119447 -0.00243193
   0.104028     4.11567    0.120055     1.64448    0.121127  -0.0461219 0.000887948
   0.052164    0.120055   0.0420226   0.0656842   0.0213614 -0.00720465 -0.00254933
  0.0563793     1.64448   0.0656842    0.849058   0.0697305  -0.0241077 0.000888398
   0.019205    0.121127   0.0213614   0.0697305   0.0213798 -0.00187637 -0.00254746
  -0.119447  -0.0461219 -0.00720465  -0.0241077 -0.00187637   0.0878104           0
-0.00243193 0.000887948 -0.00254933 0.000888398 -0.00254746           0      0.0027
   0.540197    0.104242   0.0541443   0.0574555   0.0193451    -0.12116 -0.00242482
   0.104242      4.1152    0.120493     1.64418    0.121608  -0.0449599  0.00089194
  0.0541443    0.120493   0.0422353   0.0659464   0.0214362 -0.00783456 -0.00254812
  0.0574555     1.64418   0.0659464    0.848859   0.0699992  -0.0237305 0.000892225
  0.0193451    0.121608   0.0214362   0.0699992   0.0214551 -0.00187504 -0.00254616
   -0.12116  -0.0449599 -0.00783456  -0.0237305 -0.00187504   0.0878108           0
-0.00242482  0.00089194 -0.00254812 0.000892225 -0.00254616           0      0.0027
   0.552138    0.104431   0.0561618   0.0585387   0.0194875   -0.122858 -0.00241762
   0.104431     4.11472    0.120907     1.64386    0.122084  -0.0438065 0.000895865
  0.0561618    0.120907   0.0424631   0.0662056   0.0215111 -0.00846093 -0.00254688
  0.0585387     1.64386   0.0662056    0.848661   0.0702657   -0.023355 0.000896023
  0.0194875    0.122084   0.0215111   0.0702657   0.0215302 -0.00187372 -0.00254488
  -0.122858  -0.0438065 -0.00846093   -0.023355 -0.00187372   0.0878112           0
-0.00241762 0.000895865 -0.00254688 0.000896023 -0.00254488           0      0.0027
   0.564142    0.104594   0.0582155   0.0596285   0.0196323   -0.124542 -0.00241033
   0.104594     4.11423    0.121297     1.64353    0.122555  -0.0426617 0.000899723
  0.0582155    0.121297   0.0427058    0.066462   0.0215862 -0.00908376 -0.00254562
  0.0596285     1.64353    0.066462    0.848463   0.0705299  -0.0229812 0.000899792
  0.0196323    0.122555   0.0215862   0.0705299    0.021605  -0.0018724 -0.00254359
  -0.124542  -0.0426617 -0.00908376  -0.0229812  -0.0018724   0.0878116           0
-0.00241033 0.000899723 -0.00254562 0.000899792 -0.00254359           0      0.0027
   0.576205    0.104733   0.0603045   0.0607245   0.0197793    -0.12621 -0.00240296
   0.104733     4.11372    0.121664     1.64319    0.123021  -0.0415254 0.000903516
  0.0603045    0.121664    0.042963   0.0667155   0.0216613 -0.00970304 -0.00254433
  0.0607245     1.64319   0.0667155    0.848266   0.0707918  -0.0226089 0.000903532
  0.0197793    0.123021   0.0216613   0.0707918   0.0216796 -0.00187108 -0.00254231
   -0.12621  -0.0415254 -0.00970304  -0.0226089 -0.00187108    0.087812           0
-0.00240296 0.000903516 -0.00254433 0.000903532 -0.00254231           0      0.0027
   0.588325    0.104848   0.0624279   0.0618263   0.0199285   -0.127864  -0.0023955
   0.104848      4.1132    0.122009     1.64284    0.123481  -0.0403976 0.000907244
  0.0624279    0.122009   0.0432345   0.0669661   0.0217365  -0.0103188 -0.00254301
  0.0618263     1.64284   0.0669661     0.84807   0.0710515  -0.0222384 0.000907243
  0.0199285    0.123481   0.0217365   0.0710515   0.0217539 -0.00186977 -0.00254104
  -0.127864  -0.0403976  -0.0103188  -0.0222384 -0.00186977   0.0878124           0
 -0.0023955 0.000907244 -0.00254301 0.000907243 -0.00254104           0      0.0027
   0.600498     0.10494   0.0645847   0.0629335     0.02008   -0.129504 -0.00238797
    0.10494     4.11268    0.122331     1.64247    0.123936  -0.0392784 0.000910909
  0.0645847    0.122331   0.0435201   0.0672139   0.0218118   -0.010931 -0.00254167
  0.0629335     1.64247   0.0672139    0.847874    0.071309  -0.0218695 0.000910926
    0.02008    0.123936   0.0218118    0.071309   0.0218279 -0.00186847 -0.00253977
  -0.129504  -0.0392784   -0.010931  -0.0218695 -0.00186847   0.0878128           0
-0.00238797 0.000910909 -0.00254167 0.000910926 -0.00253977           0      0.0027
   0.612721    0.105008   0.0667741   0.0640458   0.0202335   -0.131128 -0.00238036
   0.105008     4.11214    0.122631      1.6421    0.124386  -0.0381677 0.000914509
  0.0667741    0.122631   0.0438195   0.0674589   0.0218873  -0.0115396  -0.0025403
  0.0640458      1.6421   0.0674589    0.847679   0.0715642  -0.0215022 0.000914579
  0.0202335    0.124386   0.0218873   0.0715642   0.0219016 -0.00186717  -0.0025385
  -0.131128  -0.0381677  -0.0115396  -0.0215022 -0.00186717   0.0878132           0
-0.00238036 0.000914509  -0.0025403 0.000914579  -0.0025385           0      0.0027
    0.62499    0.105054   0.0689952   0.0651627   0.0203892   -0.132738 -0.00237267
   0.105054     4.11159     0.12291     1.64172    0.124831  -0.0370656 0.000918048
  0.0689952     0.12291   0.0441325    0.067701   0.0219628  -0.0121447 -0.00253891
  0.0651627     1.64172    0.067701    0.847485   0.0718172  -0.0211366 0.000918204
  0.0203892    0.124831   0.0219628   0.0718172   0.0219751 -0.00186587 -0.00253724
  -0.132738  -0.0370656  -0.0121447  -0.0211366 -0.00186587   0.0878136           0
-0.00237267 0.000918048 -0.00253891 0.000918204 -0.00253724           0      0.0027
   0.637303    0.105079   0.0712469   0.0662841    0.020547   -0.134333 -0.00236491
   0.105079     4.11103    0.123167     1.64132    0.125271  -0.0359719 0.000921524
  0.0712469    0.123167   0.0444588   0.0679403   0.0220384  -0.0127462  -0.0025375
  0.0662841     1.64132   0.0679403    0.847291    0.072068  -0.0207726 0.000921801
   0.020547    0.125271   0.0220384    0.072068   0.0220482 -0.00186458 -0.00253598
  -0.134333  -0.0359719  -0.0127462  -0.0207726 -0.00186458    0.087814           0
-0.00236491 0.000921524  -0.0025375 0.000921801 -0.00253598           0      0.0027
   0.649656    0.105081   0.0735285   0.0674093   0.0207068   -0.135914 -0.00235708
   0.105081     4.11046    0.123404     1.64092    0.125706  -0.0348868 0.000924938
  0.0735285    0.123404   0.0447982   0.0681768   0.0221141  -0.0133442 -0.00253606
  0.0674093     1.64092   0.0681768    0.847098   0.0723166  -0.0204103 0.000925368
  0.0207068    0.125706   0.0221141   0.0723166   0.0221211 -0.00186329 -0.00253472
  -0.135914  -0.0348868  -0.0133442  -0.0204103 -0.00186329   0.0878144           0
-0.00235708 0.000924938 -0.00253606 0.000925368 -0.00253472           0      0.0027
   0.662047    0.105063   0.0758391   0.0685383   0.0208686    -0.13748 -0.00234918
   0.105063     4.10989     0.12362     1.64051    0.126136  -0.0338102 0.000928293
  0.0758391     0.12362   0.0451505   0.0684105   0.0221899  -0.0139387 -0.00253461
  0.0685383     1.64051   0.0684105    0.846906   0.0725631  -0.0200497 0.000928908
  0.0208686    0.126136   0.0221899   0.0725631   0.0221936   -0.001862 -0.00253347
   -0.13748  -0.0338102  -0.0139387  -0.0200497   -0.001862   0.0878148           0
-0.00234918 0.000928293 -0.00253461 0.000928908 -0.00253347           0      0.0027
   0.674471    0.105024   0.0781778   0.0696705   0.0210324   -0.139031 -0.00234121
   0.105024      4.1093    0.123817     1.64008    0.126561   -0.032742 0.000931587
  0.0781778    0.123817   0.0455154   0.0686415   0.0222658  -0.0145296 -0.00253312
  0.0696705     1.64008   0.0686415    0.846715   0.0728073  -0.0196908 0.000932419
  0.0210324    0.126561   0.0222658   0.0728073   0.0222659 -0.00186072 -0.00253223
  -0.139031   -0.032742  -0.0145296  -0.0196908 -0.00186072   0.0878152           0
-0.00234121 0.000931587 -0.00253312 0.000932419 -0.00253223           0      0.0027
   0.686928    0.104966   0.0805437   0.0708056   0.0211981   -0.140568 -0.00233317
   0.104966      4.1087    0.123993     1.63965    0.126981  -0.0316823 0.000934822
  0.0805437    0.123993   0.0458926   0.0688696   0.0223418  -0.0151169 -0.00253162
  0.0708056     1.63965   0.0688696    0.846524   0.0730493  -0.0193335 0.000935902
  0.0211981    0.126981   0.0223418   0.0730493   0.0223379 -0.00185945 -0.00253099
  -0.140568  -0.0316823  -0.0151169  -0.0193335 -0.00185945   0.0878156           0
-0.00233317 0.000934822 -0.00253162 0.000935902 -0.00253099           0      0.0027
   0.699412    0.104888    0.082936   0.0719434   0.0213656    -0.14209 -0.00232508
   0.104888     4.10809    0.124151     1.63921    0.127397   -0.030631 0.000937999
   0.082936    0.124151   0.0462819    0.069095   0.0224178  -0.0157008  -0.0025301
  0.0719434     1.63921    0.069095    0.846334   0.0732892  -0.0189779 0.000939356
  0.0213656    0.127397   0.0224178   0.0732892   0.0224095 -0.00185818 -0.00252975
   -0.14209   -0.030631  -0.0157008  -0.0189779 -0.00185818    0.087816           0
-0.00232508 0.000937999  -0.0025301 0.000939356 -0.00252975           0      0.0027
   0.711923    0.104791   0.0853538   0.0730836   0.0215351   -0.143598 -0.00231692
   0.104791     4.10748    0.124289     1.63876    0.127807  -0.0295882 0.000941117
  0.0853538    0.124289   0.0466831   0.0693177   0.0224939   -0.016281 -0.00252855
  0.0730836     1.63876   0.0693177    0.846145    0.073527  -0.0186239 0.000942782
  0.0215351    0.127807   0.0224939    0.073527   0.0224808 -0.00185692 -0.00252852
  -0.143598  -0.0295882   -0.016281  -0.0186239 -0.00185692   0.0878164           0
-0.00231692 0.000941117 -0.00252855 0.000942782 -0.00252852           0      0.0027
   0.724456    0.104675   0.0877964   0.0742257   0.0217063   -0.145092  -0.0023087
   0.104675     4.10685    0.124409      1.6383    0.128212  -0.0285538 0.000944179
  0.0877964    0.124409    0.047096   0.0695376   0.0225701  -0.0168578 -0.00252698
  0.0742257      1.6383   0.0695376    0.845957   0.0737625  -0.0182717 0.000946181
  0.0217063    0.128212   0.0225701   0.0737625   0.0225518 -0.00185566 -0.00252729
  -0.145092  -0.0285538  -0.0168578  -0.0182717 -0.00185566   0.0878168           0
 -0.0023087 0.000944179 -0.00252698 0.000946181 -0.00252729           0      0.0027
   0.737009    0.104541   0.0902628   0.0753695   0.0218793   -0.146571 -0.00230043
   0.104541     4.10622    0.124511     1.63784    0.128612  -0.0275278 0.000947184
  0.0902628    0.124511   0.0475203   0.0697548   0.0226463   -0.017431  -0.0025254
  0.0753695     1.63784   0.0697548    0.845769    0.073996  -0.0179211 0.000949551
  0.0218793    0.128612   0.0226463    0.073996   0.0226225  -0.0018544 -0.00252607
  -0.146571  -0.0275278   -0.017431  -0.0179211  -0.0018544   0.0878172           0
-0.00230043 0.000947184  -0.0025254 0.000949551 -0.00252607           0      0.0027
   0.749579     0.10439   0.0927523   0.0765147   0.0220539   -0.148036  -0.0022921
    0.10439     4.10558    0.124595     1.63736    0.129008  -0.0265101 0.000950133
  0.0927523    0.124595   0.0479558   0.0699693   0.0227226  -0.0180006 -0.00252379
  0.0765147     1.63736   0.0699693    0.845582   0.0742273  -0.0175722 0.000952893
  0.0220539    0.129008   0.0227226   0.0742273   0.0226929 -0.00185316 -0.00252485
  -0.148036  -0.0265101  -0.0180006  -0.0175722 -0.00185316   0.0878176           0
 -0.0022921 0.000950133 -0.00252379 0.000952893 -0.00252485           0      0.0027
   0.762164    0.104221    0.095264    0.077661   0.0222303   -0.149487 -0.00228372
   0.104221     4.10493    0.124661     1.63688    0.129399  -0.0255009 0.000953027
   0.095264    0.124661   0.0484023    0.070181   0.0227989  -0.0185668 -0.00252217
   0.077661     1.63688    0.070181    0.845396   0.0744565  -0.0172249 0.000956208
  0.0222303    0.129399   0.0227989   0.0744565   0.0227629 -0.00185191 -0.00252364
  -0.149487  -0.0255009  -0.0185668  -0.0172249 -0.00185191    0.087818           0
-0.00228372 0.000953027 -0.00252217 0.000956208 -0.00252364           0      0.0027
   0.774761    0.104036   0.0977972   0.0788081   0.0224083   -0.150923 -0.00227528
   0.104036     4.10427    0.124711     1.63639    0.129785  -0.0244999 0.000955867
  0.0977972    0.124711   0.0488594   0.0703902   0.0228753  -0.0191294 -0.00252052
  0.0788081     1.63639   0.0703902    0.845211   0.0746835  -0.0168794 0.000959495
  0.0224083    0.129785   0.0228753   0.0746835   0.0228326 -0.00185067 -0.00252244
  -0.150923  -0.0244999  -0.0191294  -0.0168794 -0.00185067   0.0878184           0
-0.00227528 0.000955867 -0.00252052 0.000959495 -0.00252244           0      0.0027
   0.787367    0.103835    0.100351   0.0799557   0.0225879   -0.152345  -0.0022668
   0.103835     4.10361    0.124743     1.63589    0.130166  -0.0235073 0.000958653
   0.100351    0.124743   0.0493271   0.0705966   0.0229517  -0.0196885 -0.00251886
  0.0799557     1.63589   0.0705966    0.845027   0.0749085  -0.0165355 0.000962754
  0.0225879    0.130166   0.0229517   0.0749085    0.022902 -0.00184944 -0.00252124
  -0.152345  -0.0235073  -0.0196885  -0.0165355 -0.00184944   0.0878188           0
 -0.0022668 0.000958653 -0.00251886 0.000962754 -0.00252124           0      0.0027
    0.79998    0.103617    0.102925   0.0811036    0.022769   -0.153753 -0.00225827
   0.103617     4.10293    0.124759     1.63539    0.130542  -0.0225229 0.000961386
   0.102925    0.124759    0.049805   0.0708004   0.0230282  -0.0202441 -0.00251718
  0.0811036     1.63539   0.0708004    0.844844   0.0751314  -0.0161933 0.000965986
   0.022769    0.130542   0.0230282   0.0751314    0.022971 -0.00184821 -0.00252004
  -0.153753  -0.0225229  -0.0202441  -0.0161933 -0.00184821   0.0878192           0
-0.00225827 0.000961386 -0.00251718 0.000965986 -0.00252004           0      0.0027
   0.812598    0.103385    0.105518   0.0822514   0.0229517   -0.155148  -0.0022497
   0.103385     4.10225    0.124759     1.63488    0.130914  -0.0215468 0.000964066
   0.105518    0.124759    0.050293   0.0710016   0.0231047  -0.0207961 -0.00251548
  0.0822514     1.63488   0.0710016    0.844661   0.0753522  -0.0158528  0.00096919
  0.0229517    0.130914   0.0231047   0.0753522   0.0230397 -0.00184699 -0.00251885
  -0.155148  -0.0215468  -0.0207961  -0.0158528 -0.00184699   0.0878196           0
 -0.0022497 0.000964066 -0.00251548  0.00096919 -0.00251885           0      0.0027
   0.825218    0.103137    0.108129    0.083399   0.0231358   -0.156528 -0.00224108
   0.103137     4.10157    0.124744     1.63436    0.131281   -0.020579 0.000966695
   0.108129    0.124744   0.0507909   0.0712001   0.0231813  -0.0213447 -0.00251377
   0.083399     1.63436   0.0712001    0.844479   0.0755709   -0.015514 0.000972367
  0.0231358    0.131281   0.0231813   0.0755709   0.0231081 -0.00184578 -0.00251767
  -0.156528   -0.020579  -0.0213447   -0.015514 -0.00184578     0.08782           0
-0.00224108 0.000966695 -0.00251377 0.000972367 -0.00251767           0      0.0027
   0.837837    0.102875    0.110758    0.084546   0.0233213   -0.157894 -0.00223242
   0.102875     4.10087    0.124713     1.63384    0.131643  -0.0196193 0.000969272
   0.110758    0.124713   0.0512983   0.0713961   0.0232578  -0.0218897 -0.00251204
   0.084546     1.63384   0.0713961    0.844299   0.0757875  -0.0151769 0.000975517
  0.0233213    0.131643   0.0232578   0.0757875    0.023176 -0.00184456 -0.00251649
